Instance executed at: Fri Jun 20 17:22:32 2025 

Runtime: 303.04

LB (Master): 231
UB (Sub): 231
lb (Sub): 231

Gap (C&CG): 0%

Gap (sub): 0%

Interdiction Vectors:
(0,1) (0,11) 

Cost Vectors
Iteration 0:
0 0 0 0 0 0 0 0 0 0 0 0 0 0 0 0 0 0 0 0 0 0 0 0 0 0 0 0 0 0 0 0 0 0 0 0 0 0 0 0 0 0 0 0 0 0 0 0 0 -27 -21 -20 -24 -23 -21 -23 -17 -32 0 0 0 0 0 0 -12 -31 -20 -21 -19 -26 -12 -27 0 0 0 0 -14 -21 -22 -18 -14 -28 -23 -15 0 0 -32 -19 -19 -23 -25 0 0 0 0 -31 -32 -12 -24 -19 -12 

Iteration 1:
0 0 0 0 0 0 0 0 0 0 0 0 0 0 0 0 0 0 0 0 0 0 0 0 0 0 0 0 0 0 0 0 0 0 0 0 0 0 0 0 0 0 0 0 0 0 0 0 0 -27 -21 -20 -24 -23 -21 -27 -17 -32 0 0 0 0 0 0 -16 -31 -20 -25 -19 -26 -14 -27 0 0 0 0 -14 -21 -18 -18 -14 -24 -23 -15 0 0 -28 -19 -19 -23 -21 0 0 0 0 -31 -32 -15 -24 -19 -13 

