Instance executed at: Fri Jun 20 17:22:32 2025 

Runtime: 3798.97

LB (Master): 277
UB (Sub): 277
lb (Sub): 277

Gap (C&CG): 0%

Gap (sub): 0%

Interdiction Vectors:
(0,1) (27,42) (33,42) (37,42) 

Cost Vectors
Iteration 0:
0 0 0 0 0 0 0 0 0 0 0 0 0 0 0 0 0 0 0 0 0 0 0 0 0 0 0 0 0 0 0 0 0 0 0 0 0 0 0 0 0 0 0 0 0 0 0 0 0 -27 -21 -17 -24 -23 -17 -27 -17 -32 0 0 0 0 0 0 -16 -27 -20 -25 -17 -22 -10 -27 0 0 0 0 -14 -17 -18 -17 -10 -24 -23 -11 0 0 -28 -17 -23 -23 -21 0 0 0 0 -27 -32 -11 -24 -17 -9 

Iteration 1:
0 0 0 0 0 0 0 0 0 0 0 0 0 0 0 0 0 0 0 0 0 0 0 0 0 0 0 0 0 0 0 0 0 0 0 0 0 0 0 0 0 0 0 0 0 0 0 0 0 -27 -21 -20 -24 -23 -21 -27 -17 -32 0 0 0 0 0 0 -16 -31 -20 -25 -15 -26 -10 -23 0 0 0 0 -14 -21 -22 -18 -14 -28 -23 -15 0 0 -32 -19 -23 -23 -25 0 0 0 0 -31 -32 -15 -24 -19 -13 

