Instance executed at: Fri Jun 20 17:22:32 2025 

Runtime: 330.63

LB (Master): 215
UB (Sub): 215
lb (Sub): 215

Gap (C&CG): 0%

Gap (sub): 0%

Interdiction Vectors:
(0,11) (0,20) (37,42) 

Cost Vectors
Iteration 0:
0 0 0 0 0 0 0 0 0 0 0 0 0 0 0 0 0 0 0 0 0 0 0 0 0 0 0 0 0 0 0 0 0 0 0 0 0 0 0 0 0 0 0 0 0 0 0 0 0 -27 -21 -20 -24 -23 -21 -23 -17 -32 0 0 0 0 0 0 -12 -31 -20 -21 -19 -26 -12 -27 0 0 0 0 -14 -21 -22 -18 -14 -28 -23 -15 0 0 -32 -19 -19 -23 -21 0 0 0 0 -31 -32 -11 -24 -19 -12 

Iteration 1:
0 0 0 0 0 0 0 0 0 0 0 0 0 0 0 0 0 0 0 0 0 0 0 0 0 0 0 0 0 0 0 0 0 0 0 0 0 0 0 0 0 0 0 0 0 0 0 0 0 -23 -21 -20 -24 -23 -21 -23 -17 -32 0 0 0 0 0 0 -16 -31 -20 -25 -19 -26 -14 -27 0 0 0 0 -14 -21 -22 -18 -14 -28 -23 -15 0 0 -28 -19 -19 -23 -21 0 0 0 0 -31 -32 -15 -24 -19 -13 

