Instance executed at: Fri Jun 20 17:26:38 2025 

Runtime: 9.79

LB (Master): 178
UB (Sub): 178
lb (Sub): 178

Gap (C&CG): 0%

Gap (sub): 0%

Interdiction Vectors:
(0,11) (26,29) 

Cost Vectors
Iteration 0:
0 0 0 0 0 0 0 0 0 0 0 0 0 0 0 0 0 0 0 0 0 0 0 0 0 0 0 0 0 0 0 0 0 0 0 0 0 -23 -17 -20 -24 -23 -21 -23 -17 -28 0 0 0 0 0 0 -16 -31 -20 -25 -19 -26 -14 -27 0 0 0 0 -14 -21 -18 -18 -14 -24 -23 -15 

Iteration 1:
0 0 0 0 0 0 0 0 0 0 0 0 0 0 0 0 0 0 0 0 0 0 0 0 0 0 0 0 0 0 0 0 0 0 0 0 0 -23 -17 -20 -24 -23 -21 -23 -17 -28 0 0 0 0 0 0 -16 -31 -20 -25 -19 -26 -14 -27 0 0 0 0 -14 -21 -22 -18 -14 -28 -23 -15 

