Instance executed at: Fri Jun 20 17:26:38 2025 

Runtime: 8.96

LB (Master): 148
UB (Sub): 148
lb (Sub): 148

Gap (C&CG): 0%

Gap (sub): 0%

Interdiction Vectors:
(0,11) (9,29) (25,29) (26,29) 

Cost Vectors
Iteration 0:
0 0 0 0 0 0 0 0 0 0 0 0 0 0 0 0 0 0 0 0 0 0 0 0 0 0 0 0 0 0 0 0 0 0 0 0 0 -23 -17 -20 -24 -23 -21 -23 -17 -28 0 0 0 0 0 0 -16 -31 -20 -25 -19 -26 -14 -27 0 0 0 0 -14 -21 -22 -18 -14 -28 -23 -15 

Iteration 1:
0 0 0 0 0 0 0 0 0 0 0 0 0 0 0 0 0 0 0 0 0 0 0 0 0 0 0 0 0 0 0 0 0 0 0 0 0 -27 -21 -20 -24 -23 -21 -27 -17 -32 0 0 0 0 0 0 -16 -31 -20 -25 -19 -26 -14 -27 0 0 0 0 -14 -21 -22 -18 -14 -28 -23 -15 

